{
  "width" : 256,
  "height" : 192,
  "resolution" : [
    256,
    192
  ],
  "frame_count" : 1659,
  "frames" : [
    {
      "file" : "depth_00000.bin",
      "bytes_per_row" : 1024,
      "height" : 192,
      "frame" : 0,
      "camera_transform" : [
        0.99549204111099243,
        0.074711717665195465,
        -0.058429472148418427,
        0,
        0.013419337570667267,
        0.49889856576919556,
        0.86655646562576294,
        0,
        0.093892306089401245,
        -0.8634340763092041,
        0.49564695358276367,
        0,
        0,
        0,
        0,
        1
      ],
      "timestamp" : 184364.70862104101,
      "width" : 256
    },
    {
      "bytes_per_row" : 1024,
      "camera_transform" : [
        0.99408978223800659,
        0.088127873837947845,
        -0.063396990299224854,
        0,
        0.010488204658031464,
        0.50327646732330322,
        0.86406177282333374,
        0,
        0.10805414617061615,
        -0.85961991548538208,
        0.49937769770622253,
        0,
        0,
        0,
        0,
        1
      ],
      "frame" : 1,
      "timestamp" : 184364.74195479101,
      "height" : 192,
      "file" : "depth_00001.bin",
      "width" : 256
    },
    {
      "bytes_per_row" : 1024,
      "file" : "depth_00002.bin",
      "frame" : 2,
      "width" : 256,
      "height" : 192,
      "camera_transform" : [
        0.99271142482757568,
        0.10068605840206146,
        -0.066230468451976776,
        0,
        0.0062151961028575897,
        0.50605344772338867,
        0.86247968673706055,
        0,
        0.12035585939884186,
        -0.85660511255264282,
        0.5017392635345459,
        0,
        0,
        0,
        0,
        1
      ],
      "timestamp" : 184364.77528862501
    },
    {
      "width" : 256,
      "file" : "depth_00003.bin",
      "bytes_per_row" : 1024,
      "camera_transform" : [
        0.99102658033370972,
        0.11470870673656464,
        -0.068617813289165497,
        0,
        0.00037228316068649292,
        0.51098352670669556,
        0.85959041118621826,
        0,
        0.13366508483886719,
        -0.85190248489379883,
        0.50635552406311035,
        0,
        0,
        0,
        0,
        1
      ],
      "height" : 192,
      "frame" : 3,
      "timestamp" : 184364.80862229099
    },
    {
      "width" : 256,
      "height" : 192,
      "camera_transform" : [
        0.98977810144424438,
        0.12413150072097778,
        -0.070219524204730988,
        0,
        -0.0038688816130161285,
        0.51555567979812622,
        0.85684728622436523,
        0,
        0.14256381988525391,
        -0.847817063331604,
        0.51076596975326538,
        0,
        0,
        0,
        0,
        1
      ],
      "timestamp" : 184364.841956041,
      "frame" : 4,
      "bytes_per_row" : 1024,
      "file" : "depth_00004.bin"
    },
    {
      "frame" : 5,
      "width" : 256,
      "camera_transform" : [
        0.98844826221466064,
        0.13319693505764008,
        -0.072310030460357666,
        0,
        -0.007601078599691391,
        0.52007448673248291,
        0.85408711433410645,
        0,
        0.15136837959289551,
        -0.84367126226425171,
        0.51507914066314697,
        0,
        0,
        0,
        0,
        1
      ],
      "timestamp" : 184364.875289875,
      "bytes_per_row" : 1024,
      "height" : 192,
      "file" : "depth_00005.bin"
    },
    {
      "width" : 256,
      "bytes_per_row" : 1024,
      "camera_transform" : [
        0.98651689291000366,
        0.14427314698696136,
        -0.077264502644538879,
        0,
        -0.01036849245429039,
        0.52625191211700439,
        0.85026544332504272,
        0,
        0.16333106160163879,
        -0.83800011873245239,
        0.52065229415893555,
        0,
        0,
        0,
        0,
        1
      ],
      "frame" : 6,
      "file" : "depth_00006.bin",
      "height" : 192,
      "timestamp" : 184364.9086235
    },
    {
      "height" : 192,
      "camera_transform" : [
        0.98525917530059814,
        0.15032605826854706,
        -0.081649027764797211,
        0,
        -0.010421521961688995,
        0.52914565801620483,
        0.84846699237823486,
        0,
        0.1707509309053421,
        -0.83510899543762207,
        0.52291220426559448,
        0,
        0,
        0,
        0,
        1
      ],
      "frame" : 7,
      "bytes_per_row" : 1024,
      "file" : "depth_00007.bin",
      "timestamp" : 184364.94195725,
      "width" : 256
    },
    {
      "width" : 256,
      "camera_transform" : [
        0.98434579372406006,
        0.15408827364444733,
        -0.085558801889419556,
        0,
        -0.0094645023345947266,
        0.53095674514770508,
        0.84734600782394409,
        0,
        0.17599411308765411,
        -0.83327174186706543,
        0.52410340309143066,
        0,
        0,
        0,
        0,
        1
      ],
      "frame" : 8,
      "height" : 192,
      "file" : "depth_00008.bin",
      "bytes_per_row" : 1024,
      "timestamp" : 184364.97529108301
    },
    {
      "camera_transform" : [
        0.98331129550933838,
        0.15867385268211365,
        -0.0890035480260849,
        0,
        -0.009328015148639679,
        0.532542884349823,
        0.84635162353515625,
        0,
        0.18169210851192474,
        -0.83139681816101074,
        0.52513551712036133,
        0,
        0,
        0,
        0,
        1
      ],
      "timestamp" : 184365.00862474999,
      "width" : 256,
      "file" : "depth_00009.bin",
      "frame" : 9,
      "height" : 192,
      "bytes_per_row" : 1024
    },
    {
      "bytes_per_row" : 1024,
      "frame" : 10,
      "camera_transform" : [
        0.98276329040527344,
        0.16139253973960876,
        -0.090161100029945374,
        0,
        -0.010073915123939514,
        0.53373003005981445,
        0.84559488296508789,
        0,
        0.18459442257881165,
        -0.83011132478713989,
        0.52615612745285034,
        0,
        0,
        0,
        0,
        1
      ],
      "timestamp" : 184365.04195858299,
      "width" : 256,
      "height" : 192,
      "file" : "depth_00010.bin"
    },
    {
      "timestamp" : 184365.075292333,
      "camera_transform" : [
        0.98250365257263184,
        0.163156658411026,
        -0.089813873171806335,
        0,
        -0.01173381507396698,
        0.53550803661346436,
        0.84444856643676758,
        0,
        0.18587343394756317,
        -0.82862001657485962,
        0.52805304527282715,
        0,
        0,
        0,
        0,
        1
      ],
      "frame" : 11,
      "bytes_per_row" : 1024,
      "file" : "depth_00011.bin",
      "width" : 256,
      "height" : 192
    },
    {
      "file" : "depth_00012.bin",
      "camera_transform" : [
        0.98197895288467407,
        0.16712532937526703,
        -0.088241823017597198,
        0,
        -0.01632072776556015,
        0.54015642404556274,
        0.84140634536743164,
        0,
        0.18828469514846802,
        -0.82480311393737793,
        0.5331498384475708,
        0,
        0,
        0,
        0,
        1
      ],
      "timestamp" : 184365.10862604101,
      "height" : 192,
      "width" : 256,
      "bytes_per_row" : 1024,
      "frame" : 12
    },
    {
      "camera_transform" : [
        0.98124891519546509,
        0.17131003737449646,
        -0.088337711989879608,
        0,
        -0.019999727606773376,
        0.54633349180221558,
        0.83732891082763672,
        0,
        0.19170467555522919,
        -0.81986135244369507,
        0.53951531648635864,
        0,
        0,
        0,
        0,
        1
      ],
      "file" : "depth_00013.bin",
      "width" : 256,
      "height" : 192,
      "timestamp" : 184365.14195983301,
      "bytes_per_row" : 1024,
      "frame" : 13
    },
    {
      "height" : 192,
      "file" : "depth_00014.bin",
      "frame" : 14,
      "timestamp" : 184365.17529362501,
      "width" : 256,
      "bytes_per_row" : 1024,
      "camera_transform" : [
        0.98039382696151733,
        0.17490658164024353,
        -0.090750984847545624,
        0,
        -0.022779263556003571,
        0.55806475877761841,
        0.82948470115661621,
        0,
        0.19572722911834717,
        -0.81115442514419556,
        0.55110746622085571,
        0,
        0,
        0,
        0,
        1
      ]
    },
    {
      "bytes_per_row" : 1024,
      "timestamp" : 184365.20862724999,
      "height" : 192,
      "frame" : 15,
      "width" : 256,
      "camera_transform" : [
        0.98188400268554688,
        0.1649477481842041,
        -0.093252390623092651,
        0,
        -0.01889876089990139,
        0.57493853569030762,
        0.81797820329666138,
        -3.7252902984619141e-09,
        0.1885380744934082,
        -0.80139744281768799,
        0.56764030456542969,
        0,
        0,
        0,
        0,
        1
      ],
      "file" : "depth_00015.bin"
    },
    {
      "camera_transform" : [
        0.98123830556869507,
        0.1687019020318985,
        -0.093332558870315552,
        0.00049788219621405005,
        -0.025082021951675415,
        0.59167855978012085,
        0.80578356981277466,
        0.0039517595432698727,
        0.19116011261940002,
        -0.78832489252090454,
        0.58480900526046753,
        0.00074655766366049647,
        0,
        0,
        0,
        0.99999988079071045
      ],
      "bytes_per_row" : 1024,
      "width" : 256,
      "timestamp" : 184365.241961041,
      "frame" : 16,
      "file" : "depth_00016.bin",
      "height" : 192
    },
    {
      "height" : 192,
      "bytes_per_row" : 1024,
      "camera_transform" : [
        0.98067128658294678,
        0.17233599722385406,
        -0.092650905251502991,
        0.00078528275480493903,
        -0.030384659767150879,
        0.60191285610198975,
        0.79798334836959839,
        0.0066577927209436893,
        0.19328905642032623,
        -0.77974432706832886,
        0.59551501274108887,
        0.0013775211991742253,
        0,
        0,
        0,
        0.99999994039535522
      ],
      "frame" : 17,
      "file" : "depth_00017.bin",
      "timestamp" : 184365.27529475,
      "width" : 256
    },
    {
      "height" : 192,
      "frame" : 18,
      "camera_transform" : [
        0.97960954904556274,
        0.17848171293735504,
        -0.092246390879154205,
        0.001515011303126812,
        -0.033799290657043457,
        0.5989997386932373,
        0.80003541707992554,
        0.010304487310349941,
        0.19804726541042328,
        -0.78060460090637207,
        0.59281843900680542,
        -0.00088132167002186179,
        0,
        0,
        0,
        0.99999994039535522
      ],
      "bytes_per_row" : 1024,
      "file" : "depth_00018.bin",
      "timestamp" : 184365.3086285,
      "width" : 256
    },
    {
      "timestamp" : 184365.34196233301,
      "width" : 256,
      "camera_transform" : [
        0.97898519039154053,
        0.18228563666343689,
        -0.091433003544807434,
        0.0019083432853221893,
        -0.03578215092420578,
        0.59493780136108398,
        0.80297493934631348,
        0.011684779077768326,
        0.20076772570610046,
        -0.78282898664474487,
        0.58895784616470337,
        -0.0022577513009309769,
        0,
        0,
        0,
        1
      ],
      "height" : 192,
      "frame" : 19,
      "bytes_per_row" : 1024,
      "file" : "depth_00019.bin"
    },
    {
      "height" : 192,
      "timestamp" : 184365.37529600001,
      "camera_transform" : [
        0.9784279465675354,
        0.18526388704776764,
        -0.091411374509334564,
        0.00195351243019104,
        -0.036412835121154785,
        0.59020781517028809,
        0.80642974376678467,
        0.011613860726356506,
        0.20335400104522705,
        -0.78570491075515747,
        0.58422178030014038,
        -0.002782890573143959,
        0,
        0,
        0,
        1
      ],
      "bytes_per_row" : 1024,
      "frame" : 20,
      "width" : 256,
      "file" : "depth_00020.bin"
    },
    {
      "timestamp" : 184365.408629791,
      "bytes_per_row" : 1024,
      "width" : 256,
      "camera_transform" : [
        0.97750133275985718,
        0.18974560499191284,
        -0.092129580676555634,
        0.0017141494899988174,
        -0.037605632096529007,
        0.58655291795730591,
        0.80903738737106323,
        0.011487700045108795,
        0.20755015313625336,
        -0.78737056255340576,
        0.58049178123474121,
        -0.0029108095914125443,
        0,
        0,
        0,
        1
      ],
      "frame" : 21,
      "height" : 192,
      "file" : "depth_00021.bin"
    },
    {
      "width" : 256,
      "file" : "depth_00022.bin",
      "timestamp" : 184365.441963541,
      "height" : 192,
      "camera_transform" : [
        0.97691655158996582,
        0.19238680601119995,
        -0.092851296067237854,
        0.0013584094122052193,
        -0.038511607795953751,
        0.58614403009414673,
        0.80929100513458252,
        0.011632259003818035,
        0.21012115478515625,
        -0.78703397512435913,
        0.58002287149429321,
        -0.0034829191863536835,
        0,
        0,
        0,
        0.99999994039535522
      ],
      "frame" : 22,
      "bytes_per_row" : 1024
    },
    {
      "file" : "depth_00023.bin",
      "height" : 192,
      "width" : 256,
      "frame" : 23,
      "bytes_per_row" : 1024,
      "camera_transform" : [
        0.97647511959075928,
        0.19503548741340637,
        -0.091965712606906891,
        0.00075527100125327706,
        -0.040433727204799652,
        0.58454591035842896,
        0.810352623462677,
        0.011801543645560741,
        0.21180567145347595,
        -0.78757059574127197,
        0.57868045568466187,
        -0.0044118594378232956,
        0,
        0,
        0,
        1.0000001192092896
      ],
      "timestamp" : 184365.475297208
    },
    {
      "camera_transform" : [
        0.97622221708297729,
        0.19647285342216492,
        -0.091590061783790588,
        -0.00064580608159303665,
        -0.041303489357233047,
        0.58336555957794189,
        0.81115889549255371,
        0.010961763560771942,
        0.21280117332935333,
        -0.78808832168579102,
        0.5776093602180481,
        -0.0026481356471776962,
        0,
        0,
        0,
        1
      ],
      "file" : "depth_00024.bin",
      "frame" : 24,
      "height" : 192,
      "bytes_per_row" : 1024,
      "timestamp" : 184365.50863104101,
      "width" : 256
    },
    {
      "timestamp" : 184365.54196479099,
      "file" : "depth_00025.bin",
      "width" : 256,
      "height" : 192,
      "bytes_per_row" : 1024,
      "frame" : 25,
      "camera_transform" : [
        0.97618114948272705,
        0.19685684144496918,
        -0.091202244162559509,
        -0.0019288202747702599,
        -0.041874628514051437,
        0.58342105150222778,
        0.81108969449996948,
        0.01076957955956459,
        0.21287785470485687,
        -0.78795135021209717,
        0.57776790857315063,
        -0.0023052897304296494,
        0,
        0,
        0,
        1
      ]
    },
    {
      "width" : 256,
      "height" : 192,
      "frame" : 26,
      "file" : "depth_00026.bin",
      "bytes_per_row" : 1024,
      "camera_transform" : [
        0.9759179949760437,
        0.19840751588344574,
        -0.09065663069486618,
        -0.0030028950423002243,
        -0.04309743270277977,
        0.58277338743209839,
        0.81149113178253174,
        0.010958902537822723,
        0.21383818984031677,
        -0.78804177045822144,
        0.577289879322052,
        -0.0033168252557516098,
        0,
        0,
        0,
        1
      ],
      "timestamp" : 184365.57529845799
    },
    {
      "height" : 192,
      "bytes_per_row" : 1024,
      "frame" : 27,
      "width" : 256,
      "camera_transform" : [
        0.97609978914260864,
        0.19886136054992676,
        -0.087655223906040192,
        -0.003796885721385479,
        -0.046560183167457581,
        0.58533388376235962,
        0.80945438146591187,
        0.0089136026799678802,
        0.21227677166461945,
        -0.78602707386016846,
        0.58060330152511597,
        -0.0024364348500967026,
        0,
        0,
        0,
        1
      ],
      "file" : "depth_00027.bin",
      "timestamp" : 184365.60863224999
    },
    {
      "frame" : 28,
      "camera_transform" : [
        0.97575271129608154,
        0.20092785358428955,
        -0.086801923811435699,
        -0.0046339128166437149,
        -0.047632794827222824,
        0.58201128244400024,
        0.81178432703018188,
        0.0073614851571619511,
        0.21362979710102081,
        -0.78796619176864624,
        0.57746988534927368,
        -0.0028594061732292175,
        0,
        0,
        0,
        0.99999994039535522
      ],
      "bytes_per_row" : 1024,
      "timestamp" : 184365.641966041,
      "height" : 192,
      "file" : "depth_00028.bin",
      "width" : 256
    },
    {
      "bytes_per_row" : 1024,
      "timestamp" : 184365.67529975,
      "camera_transform" : [
        0.97509574890136719,
        0.20484305918216705,
        -0.085015282034873962,
        -0.0054611377418041229,
        -0.04980696365237236,
        0.57578694820404053,
        0.81608134508132935,
        0.005816243588924408,
        0.21611925959587097,
        -0.79152315855026245,
        0.57165002822875977,
        -0.0044545438140630722,
        0,
        0,
        0,
        1
      ],
      "width" : 256,
      "frame" : 29,
      "file" : "depth_00029.bin",
      "height" : 192
    },
    {
      "bytes_per_row" : 1024,
      "camera_transform" : [
        0.97514784336090088,
        0.20657540857791901,
        -0.080083943903446198,
        -0.0074329855851829052,
        -0.053684327751398087,
        0.57099920511245728,
        0.81919348239898682,
        0.0022137947380542755,
        0.21495309472084045,
        -0.79453545808792114,
        0.56789851188659668,
        -0.005386626347899437,
        0,
        0,
        0,
        1
      ],
      "frame" : 30,
      "timestamp" : 184365.70863354101,
      "height" : 192,
      "width" : 256,
      "file" : "depth_00030.bin"
    },
    {
      "height" : 192,
      "camera_transform" : [
        0.97417408227920532,
        0.21084873378276825,
        -0.080794058740139008,
        -0.0084097981452941895,
        -0.052330449223518372,
        0.55889749526977539,
        0.82758384943008423,
        -0.001425277441740036,
        0.21965061128139496,
        -0.80198276042938232,
        0.55549728870391846,
        -0.0071260463446378708,
        0,
        0,
        0,
        1
      ],
      "timestamp" : 184365.74196725001,
      "width" : 256,
      "file" : "depth_00031.bin",
      "bytes_per_row" : 1024,
      "frame" : 31
    },
    {
      "timestamp" : 184365.77530099999,
      "width" : 256,
      "bytes_per_row" : 1024,
      "camera_transform" : [
        0.97263902425765991,
        0.21696452796459198,
        -0.08306565135717392,
        -0.0083053763955831528,
        -0.050685737282037735,
        0.54710584878921509,
        0.83552747964859009,
        -0.0047153010964393616,
        0.22672551870346069,
        -0.80845636129379272,
        0.5431334376335144,
        -0.0098735671490430832,
        0,
        0,
        0,
        1
      ],
      "height" : 192,
      "file" : "depth_00032.bin",
      "frame" : 32
    },
    {
      "frame" : 33,
      "timestamp" : 184365.80863474999,
      "camera_transform" : [
        0.97054791450500488,
        0.22446869313716888,
        -0.087466485798358917,
        -0.0080818496644496918,
        -0.048068676143884659,
        0.53620964288711548,
        0.84271496534347534,
        -0.0080354074016213417,
        0.23606351017951965,
        -0.81369096040725708,
        0.53120714426040649,
        -0.013010337948799133,
        0,
        0,
        0,
        0.99999994039535522
      ],
      "height" : 192,
      "bytes_per_row" : 1024,
      "width" : 256,
      "file" : "depth_00033.bin"
    },
    {
      "height" : 192,
      "frame" : 34,
      "bytes_per_row" : 1024,
      "camera_transform" : [
        0.96875524520874023,
        0.2307172566652298,
        -0.091010637581348419,
        -0.0071803191676735878,
        -0.044927436858415604,
        0.52412331104278564,
        0.8504565954208374,
        -0.011740248650312424,
        0.24391578137874603,
        -0.81979537010192871,
        0.5181126594543457,
        -0.016499726101756096,
        0,
        0,
        0,
        1
      ],
      "timestamp" : 184365.841968458,
      "file" : "depth_00034.bin",
      "width" : 256
    },
    {
      "width" : 256,
      "bytes_per_row" : 1024,
      "camera_transform" : [
        0.96718305349349976,
        0.2359590083360672,
        -0.094236023724079132,
        -0.0055241547524929047,
        -0.040739603340625763,
        0.51010972261428833,
        0.85914403200149536,
        -0.01603645458817482,
        0.25079345703125,
        -0.8271104097366333,
        0.50298231840133667,
        -0.020063066855072975,
        0,
        0,
        0,
        1
      ],
      "file" : "depth_00035.bin",
      "frame" : 35,
      "height" : 192,
      "timestamp" : 184365.87530216601
    },
    {
      "frame" : 36,
      "timestamp" : 184365.90863600001,
      "height" : 192,
      "width" : 256,
      "bytes_per_row" : 1024,
      "camera_transform" : [
        0.96518236398696899,
        0.24286773800849915,
        -0.097152270376682281,
        -0.0038509434089064598,
        -0.037670087069272995,
        0.49659040570259094,
        0.86716729402542114,
        -0.021800462156534195,
        0.2588517963886261,
        -0.83331477642059326,
        0.4884490966796875,
        -0.022365720942616463,
        0,
        0,
        0,
        1.0000001192092896
      ],
      "file" : "depth_00036.bin"
    },
    {
      "width" : 256,
      "camera_transform" : [
        0.96261411905288696,
        0.25156009197235107,
        -0.10045690834522247,
        -0.00081526680151000619,
        -0.032789964228868484,
        0.47634768486022949,
        0.87864524126052856,
        -0.027556613087654114,
        0.26888450980186462,
        -0.8425024151802063,
        0.46678763628005981,
        -0.025013651698827744,
        0,
        0,
        0,
        0.99999994039535522
      ],
      "height" : 192,
      "frame" : 37,
      "bytes_per_row" : 1024,
      "timestamp" : 184365.94196966599,
      "file" : "depth_00037.bin"
    },
    {
      "timestamp" : 184365.97530341599,
      "width" : 256,
      "bytes_per_row" : 1024,
      "camera_transform" : [
        0.96005642414093018,
        0.25970014929771423,
        -0.10415150970220566,
        0.0035928878933191299,
        -0.026675479486584663,
        0.4554818868637085,
        0.88984531164169312,
        -0.032953895628452301,
        0.27853202819824219,
        -0.85152345895767212,
        0.44421595335006714,
        -0.028115769848227501,
        0,
        0,
        0,
        1
      ],
      "frame" : 38,
      "height" : 192,
      "file" : "depth_00038.bin"
    },
    {
      "camera_transform" : [
        0.95744413137435913,
        0.26725587248802185,
        -0.10897328704595566,
        0.0088078984990715981,
        -0.020050132647156715,
        0.43824568390846252,
        0.89863157272338867,
        -0.038290351629257202,
        0.28792163729667664,
        -0.85820466279983521,
        0.42495426535606384,
        -0.030865207314491272,
        0,
        0,
        0,
        0.99999994039535522
      ],
      "timestamp" : 184366.008637208,
      "file" : "depth_00039.bin",
      "width" : 256,
      "height" : 192,
      "bytes_per_row" : 1024,
      "frame" : 39
    },
    {
      "width" : 256,
      "bytes_per_row" : 1024,
      "timestamp" : 184366.04197091601,
      "frame" : 40,
      "height" : 192,
      "camera_transform" : [
        0.95491397380828857,
        0.2749142050743103,
        -0.11207858473062515,
        0.015405291691422462,
        -0.01579764112830162,
        0.42403572797775269,
        0.90550774335861206,
        -0.042751170694828033,
        0.29646223783493042,
        -0.8629114031791687,
        0.40926057100296021,
        -0.034090802073478699,
        0,
        0,
        0,
        1
      ],
      "file" : "depth_00040.bin"
    },
    {
      "file" : "depth_00041.bin",
      "timestamp" : 184366.07530475,
      "height" : 192,
      "frame" : 41,
      "bytes_per_row" : 1024,
      "camera_transform" : [
        0.95222288370132446,
        0.28259021043777466,
        -0.1158202737569809,
        0.023466216400265694,
        -0.011672132648527622,
        0.41263344883918762,
        0.91082227230072021,
        -0.046523816883563995,
        0.30518078804016113,
        -0.86595398187637329,
        0.39621743559837341,
        -0.037776879966259003,
        0,
        0,
        0,
        0.99999994039535522
      ],
      "width" : 256
    },
    {
      "width" : 256,
      "frame" : 42,
      "file" : "depth_00042.bin",
      "timestamp" : 184366.10863845801,
      "camera_transform" : [
        0.94890785217285156,
        0.29164260625839233,
        -0.12049303203821182,
        0.032665051519870758,
        -0.0077162603847682476,
        0.40317800641059875,
        0.91508907079696655,
        -0.050496436655521393,
        0.31545907258987427,
        -0.86740541458129883,
        0.38482916355133057,
        -0.041380554437637329,
        0,
        0,
        0,
        0.99999994039535522
      ],
      "height" : 192,
      "bytes_per_row" : 1024
    },
    {
      "bytes_per_row" : 1024,
      "timestamp" : 184366.14197212501,
      "height" : 192,
      "width" : 256,
      "frame" : 43,
      "camera_transform" : [
        0.94534862041473389,
        0.30121448636054993,
        -0.12484330683946609,
        0.043264284729957581,
        -0.0047306870110332966,
        0.39551308751106262,
        0.91844815015792847,
        -0.053915001451969147,
        0.3260270357131958,
        -0.86766320466995239,
        0.37532266974449158,
        -0.045518957078456879,
        0,
        0,
        0,
        0.99999988079071045
      ],
      "file" : "depth_00043.bin"
    },
    {
      "bytes_per_row" : 1024,
      "file" : "depth_00044.bin",
      "camera_transform" : [
        0.94237977266311646,
        0.30889186263084412,
        -0.12847723066806793,
        0.05491352453827858,
        -0.0010471437126398087,
        0.3867570161819458,
        0.92218106985092163,
        -0.057376973330974579,
        0.33454367518424988,
        -0.86891019344329834,
        0.36479541659355164,
        -0.049741975963115692,
        0,
        0,
        0,
        0.99999994039535522
      ],
      "height" : 192,
      "frame" : 44,
      "timestamp" : 184366.17530595799,
      "width" : 256
    },
    {
      "camera_transform" : [
        0.93948870897293091,
        0.31591546535491943,
        -0.13250806927680969,
        0.067312248051166534,
        0.0037136306054890156,
        0.37738046050071716,
        0.92605090141296387,
        -0.06129949539899826,
        0.34255972504615784,
        -0.87050658464431763,
        0.35337144136428833,
        -0.054065786302089691,
        0,
        0,
        0,
        1
      ],
      "frame" : 45,
      "height" : 192,
      "width" : 256,
      "bytes_per_row" : 1024,
      "timestamp" : 184366.20863975,
      "file" : "depth_00045.bin"
    },
    {
      "camera_transform" : [
        0.9361642599105835,
        0.32469582557678223,
        -0.13479316234588623,
        0.08105798065662384,
        0.0078913439065217972,
        0.36390680074691772,
        0.93140196800231934,
        -0.064071126282215118,
        0.35147446393966675,
        -0.87300890684127808,
        0.33811423182487488,
        -0.058817498385906219,
        0,
        0,
        0,
        1
      ],
      "timestamp" : 184366.241973375,
      "frame" : 46,
      "bytes_per_row" : 1024,
      "height" : 192,
      "file" : "depth_00046.bin",
      "width" : 256
    },
    {
      "bytes_per_row" : 1024,
      "camera_transform" : [
        0.93301171064376831,
        0.33149796724319458,
        -0.13999371230602264,
        0.095754943788051605,
        0.012635692022740841,
        0.35861691832542419,
        0.9333992600440979,
        -0.065719187259674072,
        0.35962411761283875,
        -0.87264138460159302,
        0.33040508627891541,
        -0.064323492348194122,
        0,
        0,
        0,
        0.99999994039535522
      ],
      "width" : 256,
      "timestamp" : 184366.27530720801,
      "height" : 192,
      "file" : "depth_00047.bin",
      "frame" : 47
    },
    {
      "camera_transform" : [
        0.92992734909057617,
        0.33698314428329468,
        -0.14723284542560577,
        0.11108515411615372,
        0.017009787261486053,
        0.36052456498146057,
        0.9325946569442749,
        -0.06616838276386261,
        0.36734971404075623,
        -0.86974966526031494,
        0.32952964305877686,
        -0.070515215396881104,
        0,
        0,
        0,
        0.99999994039535522
      ],
      "bytes_per_row" : 1024,
      "height" : 192,
      "file" : "depth_00048.bin",
      "frame" : 48,
      "timestamp" : 184366.30864091599,
      "width" : 256
    },
    {
      "width" : 256,
      "height" : 192,
      "timestamp" : 184366.34197466599,
      "camera_transform" : [
        0.92747485637664795,
        0.34065121412277222,
        -0.154100701212883,
        0.12652193009853363,
        0.020052991807460785,
        0.36624452471733093,
        0.93030244112014771,
        -0.066612452268600464,
        0.37334716320037842,
        -0.86592245101928711,
        0.33285155892372131,
        -0.076650805771350861,
        0,
        0,
        0,
        0.99999988079071045
      ],
      "frame" : 49,
      "file" : "depth_00049.bin",
      "bytes_per_row" : 1024
    },
    {
      "camera_transform" : [
        0.92576026916503906,
        0.34244495630264282,
        -0.16031055152416229,
        0.14178404211997986,
        0.024247627705335617,
        0.36933720111846924,
        0.92897909879684448,
        -0.0674571692943573,
        0.37733280658721924,
        -0.86389905214309692,
        0.33361423015594482,
        -0.08211895078420639,
        0,
        0,
        0,
        1
      ],
      "timestamp" : 184366.375308416,
      "file" : "depth_00050.bin",
      "frame" : 50,
      "width" : 256,
      "bytes_per_row" : 1024,
      "height" : 192
    },
    {
      "width" : 256,
      "file" : "depth_00051.bin",
      "bytes_per_row" : 1024,
      "frame" : 51,
      "timestamp" : 184366.40864225,
      "camera_transform" : [
        0.92465698719024658,
        0.34371986985206604,
        -0.16390910744667053,
        0.15651896595954895,
        0.0292636938393116,
        0.36502104997634888,
        0.93053925037384033,
        -0.068357788026332855,
        0.37967503070831299,
        -0.86522626876831055,
        0.32746076583862305,
        -0.086337246000766754,
        0,
        0,
        0,
        0.99999994039535522
      ],
      "height" : 192
    },
    {
      "bytes_per_row" : 1024,
      "width" : 256,
      "timestamp" : 184366.441975875,
      "height" : 192,
      "file" : "depth_00052.bin",
      "camera_transform" : [
        0.92410510778427124,
        0.34570848941802979,
        -0.16283589601516724,
        0.17063795030117035,
        0.031203389167785645,
        0.35643050074577332,
        0.93380069732666016,
        -0.069918647408485413,
        0.38086247444152832,
        -0.86801105737686157,
        0.31859198212623596,
        -0.089875906705856323,
        0,
        0,
        0,
        1
      ],
      "frame" : 52
    },
    {
      "bytes_per_row" : 1024,
      "file" : "depth_00053.bin",
      "frame" : 53,
      "timestamp" : 184366.47530970801,
      "width" : 256,
      "camera_transform" : [
        0.92425692081451416,
        0.34717902541160583,
        -0.15879569947719574,
        0.18406042456626892,
        0.029633209109306335,
        0.34944900870323181,
        0.93648672103881836,
        -0.071121208369731903,
        0.38061946630477905,
        -0.87025994062423706,
        0.31269261240959167,
        -0.092895336449146271,
        0,
        0,
        0,
        1
      ],
      "height" : 192
    },
    {
      "timestamp" : 184366.50864333301,
      "camera_transform" : [
        0.92507904767990112,
        0.34648644924163818,
        -0.1554863303899765,
        0.19551114737987518,
        0.027685597538948059,
        0.34680080413818359,
        0.93753015995025635,
        -0.071335256099700928,
        0.37876418232917786,
        -0.87159430980682373,
        0.31122547388076782,
        -0.095311887562274933,
        0,
        0,
        0,
        0.99999994039535522
      ],
      "frame" : 54,
      "bytes_per_row" : 1024,
      "width" : 256,
      "file" : "depth_00054.bin",
      "height" : 192
    },
    {
      "timestamp" : 184366.54197712499,
      "width" : 256,
      "bytes_per_row" : 1024,
      "camera_transform" : [
        0.92659914493560791,
        0.34334725141525269,
        -0.15338407456874847,
        0.2073967456817627,
        0.025486743077635765,
        0.34960505366325378,
        0.93655037879943848,
        -0.071204818785190582,
        0.37518584728240967,
        -0.87171614170074463,
        0.31519290804862976,
        -0.098011963069438934,
        0,
        0,
        0,
        0.99999994039535522
      ],
      "file" : "depth_00055.bin",
      "frame" : 55,
      "height" : 192
    },
    {
      "height" : 192,
      "bytes_per_row" : 1024,
      "frame" : 56,
      "file" : "depth_00056.bin",
      "camera_transform" : [
        0.92890405654907227,
        0.3389560878276825,
        -0.14915134012699127,
        0.21852278709411621,
        0.021056190133094788,
        0.35376769304275513,
        0.9350963830947876,
        -0.070787355303764343,
        0.36972147226333618,
        -0.87175548076629639,
        0.32147911190986633,
        -0.10061506181955338,
        0,
        0,
        0,
        1
      ],
      "width" : 256,
      "timestamp" : 184366.575310916
    },
    {
      "file" : "depth_00057.bin",
      "camera_transform" : [
        0.93199080228805542,
        0.33349597454071045,
        -0.14203464984893799,
        0.22703000903129578,
        0.01580389030277729,
        0.35408174991607666,
        0.93508100509643555,
        -0.069856666028499603,
        0.3621375560760498,
        -0.87373155355453491,
        0.32473033666610718,
        -0.10286811739206314,
        0,
        0,
        0,
        0.99999994039535522
      ],
      "width" : 256,
      "height" : 192,
      "bytes_per_row" : 1024,
      "frame" : 57,
      "timestamp" : 184366.608644583
    },
    {
      "bytes_per_row" : 1024,
      "width" : 256,
      "file" : "depth_00058.bin",
      "height" : 192,
      "timestamp" : 184366.64197833301,
      "camera_transform" : [
        0.9358222484588623,
        0.32591706514358521,
        -0.13421952724456787,
        0.23605689406394958,
        0.011800773441791534,
        0.35161012411117554,
        0.93607217073440552,
        -0.069665595889091492,
        0.35227483510971069,
        -0.87758111953735352,
        0.3251984715461731,
        -0.10470039397478104,
        0,
        0,
        0,
        1
      ],
      "frame" : 58
    },
    {
      "bytes_per_row" : 1024,
      "file" : "depth_00059.bin",
      "height" : 192,
      "camera_transform" : [
        0.93969166278839111,
        0.31771305203437805,
        -0.12664133310317993,
        0.2445642352104187,
        0.0079247793182730675,
        0.34994673728942871,
        0.93673592805862427,
        -0.069405019283294678,
        0.34193098545074463,
        -0.88124668598175049,
        0.3263242244720459,
        -0.10626446455717087,
        0,
        0,
        0,
        0.99999988079071045
      ],
      "frame" : 59,
      "timestamp" : 184366.67531216599,
      "width" : 256
    },
    {
      "timestamp" : 184366.70864579099,
      "file" : "depth_00060.bin",
      "width" : 256,
      "height" : 192,
      "bytes_per_row" : 1024,
      "frame" : 60,
      "camera_transform" : [
        0.94332695007324219,
        0.30967649817466736,
        -0.11930960416793823,
        0.25011226534843445,
        0.0030082880984991789,
        0.35151851177215576,
        0.9361761212348938,
        -0.067611083388328552,
        0.33185124397277832,
        -0.88347923755645752,
        0.33066526055335999,
        -0.10689831525087357,
        0,
        0,
        0,
        1
      ]
    },
    {
      "height" : 192,
      "bytes_per_row" : 1024,
      "frame" : 61,
      "file" : "depth_00061.bin",
      "timestamp" : 184366.74197962499,
      "width" : 256,
      "camera_transform" : [
        0.94697338342666626,
        0.3011157214641571,
        -0.11212044209241867,
        0.25721865892410278,
        -0.0025506832171231508,
        0.35597917437553406,
        0.93449044227600098,
        -0.066750936210155487,
        0.32130229473114014,
        -0.8846515417098999,
        0.33787083625793457,
        -0.10792983323335648,
        0,
        0,
        0,
        1
      ]
    },
    {
      "frame" : 62,
      "bytes_per_row" : 1024,
      "camera_transform" : [
        0.94995695352554321,
        0.29385083913803101,
        -0.10598892718553543,
        0.26425161957740784,
        -0.0067593464627861977,
        0.35855019092559814,
        0.93348598480224609,
        -0.066411837935447693,
        0.31230795383453369,
        -0.88605505228042603,
        0.34259346127510071,
        -0.1085473969578743,
        0,
        0,
        0,
        0.99999994039535522
      ],
      "height" : 192,
      "file" : "depth_00062.bin",
      "timestamp" : 184366.775313416,
      "width" : 256
    },
    {
      "camera_transform" : [
        0.95212990045547485,
        0.28842845559120178,
        -0.10127957165241241,
        0.26750457286834717,
        -0.0084647899493575096,
        0.35605964064598083,
        0.93442481756210327,
        -0.065695159137248993,
        0.30557629466056824,
        -0.88883662223815918,
        0.34145656228065491,
        -0.10766763240098953,
        0,
        0,
        0,
        0.99999994039535522
      ],
      "bytes_per_row" : 1024,
      "timestamp" : 184366.808647083,
      "width" : 256,
      "height" : 192,
      "file" : "depth_00063.bin",
      "frame" : 63
    },
    {
      "camera_transform" : [
        0.95423752069473267,
        0.28320235013961792,
        -0.096057295799255371,
        0.27342164516448975,
        -0.010518099181354046,
        0.35279372334480286,
        0.93564188480377197,
        -0.065979279577732086,
        0.29886439442634583,
        -0.89181441068649292,
        0.33962780237197876,
        -0.10737895220518112,
        0,
        0,
        0,
        0.99999988079071045
      ],
      "file" : "depth_00064.bin",
      "frame" : 64,
      "width" : 256,
      "timestamp" : 184366.84198079101,
      "height" : 192,
      "bytes_per_row" : 1024
    },
    {
      "bytes_per_row" : 1024,
      "camera_transform" : [
        0.95618337392807007,
        0.2788238525390625,
        -0.08927888423204422,
        0.27928933501243591,
        -0.015571952797472477,
        0.35295090079307556,
        0.9355122447013855,
        -0.066099576652050018,
        0.29235419631004333,
